GRID
850002400
720000009
004000000
000107002
305000900
040000000
000080070
017000000
000036040
GRID
005300000
800000020
070010500
400005300
010070006
003200080
060500009
004000030
000009700
GRID
120040000
005069010
009000500
000000070
700052090
030000002
090600050
400900801
003000904
GRID
000570030
100000020
700023400
000080004
007004000
490000605
042000300
000700900
001800000
GRID
700152300
000000920
000300000
100004708
000000060
000000000
009000506
040907000
800006010
GRID
100007090
030020008
009600500
005300900
010080002
600004000
300000010
040000007
007000300
GRID
100034080
000800500
004060021
018000000
300102006
000000810
520070900
006009000
090640002
GRID
000920000
006803000
190070006
230040100
001000700
008030029
700080091
000507200
000064000
GRID
060504030
100090008
000000000
900050006
040602070
700040005
000000000
400080001
050203040
GRID
700000400
020070080
003008079
900500300
060020090
001097006
000300900
030040060
009001035
GRID
000070020
800000006
010205000
905400008
000000000
300008501
000302080
400000009
070060000